%Punkty oznaczone na wyciêtym nosie we wzorcach:
% 1 - prn, 2 - nasion, 3/4 - lal/ral , 5 - sn

p1 = [
14.58 -81.01 -1094.9
16.29 -43.78 -1101.6801
-1.64 -81.99 -1114.42
29.58 -81.83 -1112.17
14.9 -98.89 -1120.51
];


p2 = [
11.31 -32.66 -876.64
10.3 13.44 -903.37
-3.99 -39.18 -893.48 
26.74 -38.78 -895.93
10.24 -52.09 -897.57
];

p3 = [
-13.85 -49.95 -1071.03
-11.85 -7.95 -1099.03
-30.52 -52.79 -1085.92
0.01 -56.12 -1088.48
-12.85 -67.95 -1088.03 
];

p4 = [
13.79 6.11 -1033.22 
8.47 55 -1065.87
0.01 0.01 -1050.23
31.1 3.1 -1049.8
14.07 -11.39 -1049.52
];

p5 = [
-0.99 4.59 -1034.9301
-1.56 37.33 -1054.54 
-15.56 -3.1 -1051.16
15.59 -0.99 -1052.9
-1.56 -13.99 -1054.61
];