%Punkty oznaczone na wyciêtej twarzy (za wyj¹tkiem punktów al które wziêto z nosa):
p1a = [
14.59 -83.91 -1095.6899
16.29 -40.53 -1101.54
-1.64 -81.99 -1114.42
29.58 -81.83 -1112.17
14.83 -95.8 -1115.11
];

p2a = [
11.81 -32.66 -876.64 
9.95 14.78 -903.18 
-3.99 -39.18 -893.48 
26.74 -38.78 -895.93
11.22 -50.68 -897.12
];

p3a = [
-12.1 -48.97 -1071.4399 
-11.37 -7.47 -1099.98 
-30.52 -52.79 -1085.92
0.01 -56.12 -1088.48
-15.11 -67.4 -1089.42 
];

p4a = [
13.79 6.11 -1033.22
8.39 51.83 -1065.45
0.01 0.01 -1050.23
31.1 3.1 -1049.8
15.53 -7.73 -1048.74
];

p5a = [
-0.99 3.06 -1035.1 
-1.06 35.77 -1054.41 
-15.56 -3.1 -1051.16
15.59 -0.99 -1052.9
-1.56 -13.99 -1054.61
];

